  [ 1 0 0 0 0 -0.981522 -0.190799 0 0 0.190799 -0.981522 0 -151 137.203 297.644 1 ]
Transform [ 1 0 0 0 0 -0.8660 -0.5  0 0 0.5 -0.8660 0 -151 137.203 97.644 1 ]
 Transform [ 1 0 0 0 0 -0.8660 -0.5  0 0 0.5 -0.8660 0 -151 137.203 147.644 1 ]
 Transform [  1 0 0 0 0 -0.241805 -0.970205 0 0 0.970205 -0.241805 0 -164.45 43.2274 314.337 1 ]
 Transform [  1 0 0 0 0 -0.221461 -0.97508 0 0 0.97508 -0.221461 0 -156.477 0.150198 171.625 1 ]
 Transform [  1 0 0 0 0 0.170255 -0.985367 0 0 0.985367 0.170255 0 -150.497 -31.657 193.147 1 ]
 Transform [  1 0 0 0 0 0.138112 -0.990313 0 0 0.990313 0.138112 0 -151.494 -29.5937 107.547 1 ]
 Transform [  1 0 0 0 0 0.138112 -0.990313 0 0 0.990313 0.138112 0 -151.494 -29.5937 107.547 1 ]
front
 Transform [  0.998505 5.58794e-09 0.0546532 0 0.0544339 -0.0893556 -0.994381 0 0.00489066 0.995869 -0.0892218 0 -172.423 16.756 312.531 1 ]
rear
 Transform [  0.990281 0.00591181 -0.138954 0 -0.138373 -0.0587457 -0.988632 0 -0.0140082 0.998251 -0.0573567 0 -117.943 4.63836 246.816 1 ]

 Transform [  0.999932 3.25963e-09 0.0116352 0 0.0115401 -0.127641 -0.991752 0 0.00148515 0.991819 -0.127633 0 -152.782 0.655807 372.244 1 ]

Rotate 20 1 0 0
Translate 150 0 0
Rotate 180 0 0 1
Translate 0 0 400
Rotate 180 1 0 0

x 299 y 280
flow_normal v 0.985127 -0.12781 -0.114844
x = 95 y == 134
0.977723 -0.118614 -0.173174
