  [ 1 0 0 0 0 -0.981522 -0.190799 0 0 0.190799 -0.981522 0 -151 137.203 297.644 1 ]
Transform [ 1 0 0 0 0 -0.8660 -0.5  0 0 0.5 -0.8660 0 -151 137.203 97.644 1 ]
 Transform [ 1 0 0 0 0 -0.8660 -0.5  0 0 0.5 -0.8660 0 -151 137.203 147.644 1 ]
 Transform [  1 0 0 0 0 -0.241805 -0.970205 0 0 0.970205 -0.241805 0 -164.45 43.2274 314.337 1 ]
 Transform [  1 0 0 0 0 -0.221461 -0.97508 0 0 0.97508 -0.221461 0 -156.477 0.150198 171.625 1 ]


Rotate 20 1 0 0
Translate 150 0 0
Rotate 180 0 0 1
Translate 0 0 400
Rotate 180 1 0 0
