  [ 1 0 0 0 0 -0.981522 -0.190799 0 0 0.190799 -0.981522 0 -151 137.203 297.644 1 ]
Transform [ 1 0 0 0 0 -0.8660 -0.5  0 0 0.5 -0.8660 0 -151 137.203 97.644 1 ]
 Transform [ 1 0 0 0 0 -0.8660 -0.5  0 0 0.5 -0.8660 0 -151 137.203 147.644 1 ]
Rotate 20 1 0 0
Translate 150 0 0
Rotate 180 0 0 1
Translate 0 0 400
Rotate 180 1 0 0
